0.142119 0 2.53761 1 
0.89918 0 211.104 1 
0.238995 0 8.98646 1 
0.0206755 0 0.825966 1 
0.528065 0 5.02012 1 
0.668845 1 6.0671 1 
0.71532 1 1.76155 1 
0.221386 1 1.93457 1 
0.342219 1 16.7921 1 
0.393112 1 57.1751 1 
1.00132 0 17.6645 1 
0.231549 0 0.269928 1 
0.445682 1 8.35588 1 
0.861549 1 0.35049 1 
0.700576 1 1.353 1 
0.368577 0 11.3439 1 
0.420883 0 2.01529 1 
0.512469 0 33.7229 1 
0.361223 0 0.261456 1 
0.425565 0 4.48547 1 
0.171577 0 8.00412 1 
0.532087 0 15.0462 1 
0.0963929 0 1.49625 1 
0.136588 0 0.725428 1 
0.456907 1 2.80556 1 
0.407036 1 12.756 1 
0.149908 1 9.61992 1 
0.635302 0 0.983427 1 
0.445766 1 4.86599 1 
0.0300156 0 1.42122 1 
0.153062 1 4.94251 1 
0.376003 1 0.00405111 1 
0.146175 0 5.33993 1 
0.694567 0 6.29842 1 
0.150269 1 31.3249 1 
0.408276 0 0.100382 1 
0.671152 1 2.68812 1 
0.557891 0 12.9919 1 
0.336368 1 3.65218 1 
0.636053 1 7.1366 1 
0.0925149 1 14.9152 1 
0.66985 1 2.96242 1 
0.889636 0 51.3218 1 
0.38174 1 13.1929 1 
1.00984 0 210.931 1 
0.327696 1 2.74626 1 
0.351769 0 3.14209 1 
0.381422 1 5.62873 1 
0.873579 1 0.21802 1 
0.583735 0 2.20122 1 
0.27744 1 27.2869 1 
0.285752 1 19.8187 1 
0.123989 1 2.67723 1 
0.340054 1 20.2803 1 
0.763413 1 6.49904 1 
0.579682 0 5.95701 1 
0.696897 0 0.272208 1 
0.551122 0 1.76314 1 
0.594936 0 2.36102 1 
0.115421 1 45.1853 1 
0.743688 0 23.5472 1 
0.397581 0 14.7991 1 
0.677714 0 2.61524 1 
0.401854 1 5.70839 1 
0.773471 1 0.536025 1 
0.779273 1 2.80386 1 
0.336328 1 24.2167 1 
0.505682 1 1.6667 1 
0.527313 1 1.59601 1 
0.636769 0 4.69721 1 
0.296246 1 26.2667 1 
0.72858 1 7.95853 1 
0.334391 1 2.44743 1 
0.748626 1 0.113916 1 
0.682662 1 2.40689 1 
0.436727 0 5.74356 1 
0.306363 0 3.38925 1 
0.356959 1 8.64654 1 
0.813192 0 36.5309 1 
0.575245 0 5.57652 1 
0.430156 1 13.3526 1 
0.286401 0 3.55729 1 
0.194075 0 1.76393 1 
0.332389 1 41.9783 1 
0.573966 0 7.27889 1 
0.690409 1 8.57679 1 
0.617924 1 2.84787 1 
0.577175 0 8.55149 1 
0.227304 0 1.92353 1 
0.0632548 0 0.456156 1 
0.621179 1 17.1689 1 
0.777434 0 15.8947 1 
0.109336 0 4.55254 1 
0.956654 1 0.294649 1 
0.694251 1 1.16431 1 
0.802866 0 88.4554 1 
0.242842 0 2.22532 1 
0.921135 0 16.2836 1 
0.479865 0 3.76924 1 
0.278072 0 4.08743 1 
0.264691 1 0.502274 1 
1.01112 1 0.32941 1 
0.647689 1 1.37956 1 
0.223681 1 8.39246 1 
0.211277 0 0.420165 1 
0.912716 1 0.172329 1 
0.628127 0 8.33167 1 
0.668426 1 1.28174 1 
0.931718 1 4.18231 1 
0.57961 1 3.72657 1 
0.34635 0 14.5066 1 
0.743466 0 29.6823 1 
0.272514 1 1.52471 1 
0.50809 0 2.22426 1 
0.240287 1 4.33369 1 
0.549222 0 1.49854 1 
0.808712 0 27.1491 1 
0.497076 0 0.697277 1 
0.427701 0 1.82896 1 
0.66861 1 0.604067 1 
0.10609 0 0.533813 1 
0.724628 1 1.38675 1 
0.439037 0 1.47593 1 
0.913832 1 1.34916 1 
0.638782 1 0.35253 1 
0.643468 1 6.02851 1 
0.410474 1 5.6829 1 
0.0538216 0 1.37564 1 
0.199417 1 38.2756 1 
0.855167 0 1.1428 1 
0.0867581 1 3.96066 1 
1.44938 1 0.0123799 1 
0.444323 1 19.844 1 
0.183549 0 2.76628 1 
1.25085 1 0.287404 1 
0.465611 1 4.86158 1 
0.553674 1 13.5555 1 
0.676473 1 3.54249 1 
0.0669962 0 1.01981 1 
0.129292 1 41.8923 1 
0.838974 0 21.1921 1 
0.347924 0 6.16394 1 
0.56645 0 39.5404 1 
0.485178 1 11.8162 1 
0.0736117 0 1.91078 1 
0.273804 0 7.50497 1 
0.473346 0 0.258462 1 
0.333012 1 0.0794192 1 
0.252124 0 0.779916 1 
1.13287 0 69.2714 1 
0.275834 1 33.968 1 
0.664187 0 29.0334 1 
0.613509 0 37.5958 1 
0.353211 0 1.84864 1 
0.265409 0 7.31803 1 
0.227746 1 2.12308 1 
0.684166 0 5.83954 1 
0.551563 1 7.20296 1 
0.502081 1 13.3192 1 
0.0488921 0 1.20308 1 
0.696261 0 3.13596 1 
0.315403 1 5.19693 1 
0.0777058 1 26.9479 1 
0.726695 0 27.9871 1 
0.51021 1 10.4806 1 
0.122128 1 54.5346 1 
1.01335 1 0.732397 1 
0.600384 1 3.12123 1 
0.451397 1 9.88878 1 
0.448439 0 1.42785 1 
0.292379 1 45.4872 1 
0.378758 0 1.55281 1 
0.254893 0 6.30494 1 
0.516147 1 4.5421 1 
0.635008 0 51.6226 1 
0.784125 1 4.0752 1 
0.660042 0 30.5311 1 
0.144602 0 0.150162 1 
0.332055 1 5.6199 1 
0.636471 1 3.92724 1 
0.732518 0 1.32094 1 
0.678595 1 2.52329 1 
0.506496 0 11.1402 1 
0.201173 0 6.34097 1 
0.515384 1 0.594418 1 
0.727902 0 8.50343 1 
0.243659 1 4.27228 1 
0.430388 0 3.66689 1 
0.261508 0 1.37359 1 
0.382894 1 34.7198 1 
0.155019 1 35.9345 1 
0.556109 1 20.5064 1 
0.353034 1 37.0606 1 
0.227538 0 1.36899 1 
0.889777 1 1.17966 1 
0.382677 1 32.8635 1 
0.0814053 0 0.68969 1 
0.720611 0 3.09212 1 
0.584558 0 6.08849 1 
0.987945 0 19.5706 1 
0.317015 1 29.0473 1 
0.424643 1 3.79217 1 
0.783186 1 0.816731 1 
0.751904 0 1.53271 1 
0.628364 0 13.2159 1 
0.718691 1 1.13077 1 
1.3931 1 0.23056 1 
0.243271 1 13.0859 1 
0.927362 1 0.87005 1 
0.464797 0 5.86546 1 
0.760559 1 3.00816 1 
0.0934802 0 1.05552 1 
0.364033 1 5.85706 1 
0.237912 0 3.15751 1 
0.604933 1 3.66851 1 
-0.0680431 0 1.42437 1 
0.164149 0 0.00207337 1 
-0.314798 1 205.888 1 
0.404849 0 0.388328 1 
0.832418 1 0.432699 1 
0.648296 1 2.25788 1 
0.305241 1 44.7863 1 
0.673179 1 1.93275 1 
0.473779 1 25.9652 1 
1.05438 0 270.011 1 
0.398741 0 10.9534 1 
0.0100743 1 249.913 1 
0.443298 1 17.5077 1 
0.44123 1 5.73813 1 
0.0390196 0 0.069186 1 
0.309076 1 3.17874 1 
0.860525 1 2.0308 1 
0.518863 0 15.7455 1 
0.674986 1 4.60625 1 
1.01876 0 19.3623 1 
0.569631 0 4.86739 1 
0.514115 1 9.38134 1 
0.336648 1 5.94883 1 
-0.054759 1 11.5787 1 
0.154854 1 60.5811 1 
0.850302 1 0.514354 1 
0.303274 1 106.914 1 
0.37232 1 2.16135 1 
0.818578 0 47.5647 1 
0.506046 1 5.67106 1 
0.661928 0 12.1529 1 
0.357859 1 5.13189 1 
0.548915 1 3.30771 1 
1.24793 0 112.815 1 
0.256398 1 23.553 1 
0.963861 0 31.2742 1 
0.131107 1 42.2124 1 
0.501665 1 7.64055 1 
0.852326 1 3.98718 1 
0.649949 0 5.56673 1 
0.204423 1 7.30046 1 
0.192328 0 1.13117 1 
0.747909 1 0.591696 1 
0.683821 0 49.174 1 
0.523513 0 4.02613 1 
0.497445 1 11.6478 1 
0.347099 1 0.495533 1 
0.584592 0 1.77048 1 
0.705241 1 0.153046 1 
0.860179 1 0.918576 1 
1.05967 1 0.500557 1 
0.660852 0 40.3612 1 
0.946761 1 0.543837 1 
0.667117 1 3.45268 1 
0.811316 1 0.106689 1 
0.161443 1 49.5863 1 
0.484981 0 6.76715 1 
0.424497 0 2.39664 1 
0.291429 1 2.29501 1 
0.654948 0 21.0287 1 
0.2929 0 4.55368 1 
0.660581 0 23.7221 1 
0.451628 0 6.94974 1 
0.536187 0 7.58317 1 
0.741411 1 4.3559 1 
0.71216 0 5.19874 1 
0.527606 0 4.79166 1 
0.359632 1 19.6507 1 
0.492033 1 9.14305 1 
0.621109 1 1.27083 1 
0.676642 1 9.15112 1 
0.705502 1 0.239527 1 
0.354065 1 20.9049 1 
0.240386 1 6.77887 1 
0.819387 0 69.1115 1 
0.839356 1 3.1929 1 
0.298963 0 7.96932 1 
0.840849 1 5.18525 1 
0.411434 0 9.15726 1 
0.311755 0 4.45745 1 
0.47288 0 0.461457 1 
0.433969 0 0.910925 1 
0.346782 0 1.26821 1 
0.878153 1 0.0637661 1 
1.00194 0 16.8444 1 
0.162556 0 2.98809 1 
0.405189 1 24.1689 1 
0.309892 1 3.03463 1 
0.665174 0 7.83891 1 
0.0590134 0 5.24538 1 
0.548164 0 9.20841 1 
0.792251 1 2.17887 1 
0.470369 1 0.158243 1 
0.116439 1 24.8237 1 
0.367688 0 3.68 1 
0.665556 1 8.35783 1 
0.724884 0 6.46737 1 
0.535299 1 1.6164 1 
0.384066 0 1.4605 1 
-0.116774 0 2.66827 1 
0.66646 1 0.523011 1 
-0.00759582 0 0.22856 1 
0.558588 1 6.16696 1 
0.192057 1 0.666101 1 
0.0878634 1 21.6078 1 
0.293841 1 22.6362 1 
0.44101 0 8.99635 1 
0.454055 0 3.16477 1 
0.887978 1 0.680294 1 
0.687047 0 4.51261 1 
-0.101718 0 0.590239 1 
0.634602 1 1.64623 1 
0.659367 1 0.831617 1 
0.352059 0 6.68516 1 
0.851741 0 54.5711 1 
-0.147847 0 0.0834899 1 
0.544476 1 1.73942 1 
0.593142 0 40.1488 1 
0.359253 1 0.415601 1 
0.510134 0 5.49158 1 
0.422138 1 11.554 1 
0.555156 0 3.59019 1 
0.613116 1 7.6524 1 
0.382946 1 25.173 1 
0.669868 0 2.73837 1 
0.653137 0 46.9179 1 
0.375502 1 25.265 1 
0.692335 0 7.08321 1 
0.926443 1 1.04336 1 
0.892376 0 18.9304 1 
0.507414 1 0.188553 1 
0.828918 1 1.16762 1 
0.114748 0 2.56321 1 
0.961924 1 0.443993 1 
0.645512 0 2.89785 1 
0.53761 1 12.0498 1 
0.227333 0 3.06854 1 
0.76285 1 0.598003 1 
0.424512 0 25.0613 1 
0.690009 1 6.37279 1 
0.289524 1 88.7069 1 
0.536015 0 0.152815 1 
0.370696 1 41.0724 1 
0.615836 0 15.5599 1 
0.461663 1 17.8041 1 
0.849918 1 1.62082 1 
0.106242 1 138.619 1 
-0.125484 1 117.265 1 
0.641309 0 13.2844 1 
0.692925 1 5.15839 1 
0.200478 0 7.07105 1 
0.908088 0 38.957 1 
0.580002 0 2.57904 1 
0.540075 1 6.21253 1 
0.679648 1 8.70752 1 
0.417953 0 9.05195 1 
0.757131 0 12.6638 1 
0.419213 0 8.28214 1 
0.108817 1 7.76907 1 
0.806171 0 16.3831 1 
1.00643 1 0.041678 1 
0.402454 1 11.5021 1 
0.310477 0 1.21599 1 
0.669309 0 11.5073 1 
0.851349 1 1.82878 1 
0.790907 1 1.0656 1 
0.624697 1 7.20778 1 
0.226598 1 2.85061 1 
0.196718 1 61.5095 1 
0.953528 0 24.7162 1 
0.393661 0 7.63625 1 
0.40888 0 0.948455 1 
1.16722 0 89.9685 1 
0.422415 0 11.3756 1 
0.484654 0 8.77314 1 
0.873529 1 3.30943 1 
0.776811 0 17.7562 1 
0.0404292 1 14.9904 1 
0.553741 0 3.79196 1 
0.363407 1 3.00926 1 
0.563307 0 18.7231 1 
0.164282 0 2.13744 1 
1.02632 1 0.622801 1 
0.0986395 0 3.25581 1 
0.537556 1 2.56091 1 
0.722263 0 7.55859 1 
0.567598 0 1.03519 1 
0.939226 1 1.05512 1 
0.520666 0 1.1492 1 
0.347235 0 0.308469 1 
0.229963 0 0.700083 1 
0.711813 0 46.4707 1 
0.359468 1 24.1859 1 
0.258419 1 6.70456 1 
1.03221 0 45.6245 1 
0.858477 1 1.48608 1 
0.977624 1 2.95117 1 
0.518211 0 12.5307 1 
0.550703 0 30.1639 1 
0.231696 1 5.36451 1 
0.204941 0 2.80708 1 
1.16132 1 0.360054 1 
0.830297 0 27.1573 1 
0.320295 0 0.253456 1 
0.812765 0 72.4889 1 
0.400216 1 4.43835 1 
0.904603 0 46.7132 1 
0.632576 0 5.28666 1 
0.445794 1 5.27748 1 
0.500302 0 5.86423 1 
0.241045 0 2.7091 1 
0.269996 0 5.8452 1 
0.553481 1 0.378013 1 
0.33142 0 5.05946 1 
0.594043 0 12.0668 1 
0.23773 0 0.835867 1 
0.0881827 1 73.7332 1 
0.907733 1 4.00284 1 
1.28066 0 9.38798 1 
0.232113 0 4.17364 1 
0.898708 0 67.2035 1 
-0.0216681 1 15.3495 1 
0.636195 0 12.8817 1 
0.239331 1 35.0578 1 
0.591217 1 1.79149 1 
0.674902 0 17.7773 1 
0.721067 0 38.3975 1 
0.857303 1 2.24609 1 
0.096729 0 0.540395 1 
0.233328 1 7.27176 1 
0.248156 0 2.17321 1 
0.648832 1 1.34162 1 
0.56802 0 13.0068 1 
0.353205 0 1.08633 1 
0.732885 0 6.62132 1 
0.38978 0 1.74472 1 
0.32728 0 4.30617 1 
0.377682 1 0.208228 1 
0.902733 0 27.0208 1 
0.390643 0 6.51051 1 
0.452282 1 5.27375 1 
0.911142 1 0.0956803 1 
0.304418 1 18.4172 1 
0.425018 0 5.53102 1 
0.327943 1 8.52133 1 
0.449233 1 3.32017 1 
0.941662 1 6.87325 1 
0.61653 1 3.19558 1 
0.800231 0 3.71712 1 
0.522944 1 5.34923 1 
0.110437 1 2.3212 1 
-0.138082 0 0.650373 1 
0.869216 1 1.26671 1 
0.39678 1 13.8837 1 
0.191691 0 1.05701 1 
0.0600981 1 10.1605 1 
1.00888 1 0.0600973 1 
0.948352 1 2.07893 1 
0.370049 0 3.23886 1 
0.251221 0 0.064499 1 
0.701622 0 12.6777 1 
0.584843 1 6.37779 1 
1.54631 1 0.0391858 1 
0.659601 1 0.737877 1 
1.06474 0 185.893 1 
0.363422 0 10.5552 1 
0.537917 1 16.2957 1 
0.455163 0 4.67414 1 
0.555589 0 1.70103 1 
0.484204 1 0.186897 1 
0.621104 1 7.93608 1 
0.332138 1 26.4977 1 
0.507262 1 9.85686 1 
0.280775 0 0.222399 1 
0.891187 1 6.78311 1 
0.542595 0 4.45253 1 
0.436785 1 23.0373 1 
-0.098108 0 0.152437 1 
0.579504 0 19.7387 1 
0.874531 1 0.213332 1 
0.67947 1 2.55527 1 
-0.0790308 0 0.334764 1 
0.013928 1 1.02154 1 
0.495734 1 2.74136 1 
0.450586 1 13.4659 1 
1.23704 1 0.571053 1 
0.259978 1 10.2312 1 
0.463357 1 2.22484 1 
0.610989 0 7.17109 1 
0.333783 1 8.19165 1 
0.114236 0 0.0772572 1 
0.725096 0 29.4792 1 
0.59093 1 11.6223 1 
0.119895 1 3.41889 1 
0.301834 0 3.60097 1 
0.819461 1 4.85263 1 
0.199594 0 0.327 1 
0.215088 0 1.30401 1 
0.20631 1 8.68827 1 
0.196277 1 4.18709 1 
0.759346 0 10.7856 1 
0.9381 0 25.4508 1 
0.320337 0 2.63255 1 
0.419223 0 9.9579 1 
0.5386 1 1.6547 1 
0.223842 0 6.95696 1 
0.661802 1 21.9557 1 
0.581988 1 8.66717 1 
0.383551 0 6.69395 1 
0.284859 1 17.8378 1 
0.240057 0 1.51096 1 
0.563817 0 3.90446 1 
0.998246 0 65.6964 1 
0.608611 0 23.0049 1 
0.809935 1 0.43877 1 
-0.195972 1 148.923 1 
0.269914 1 18.2891 1 
0.0839595 0 0.732727 1 
0.659661 1 1.47847 1 
0.194217 1 4.37219 1 
0.644655 1 7.15736 1 
0.587541 1 25.9689 1 
0.633182 0 15.8087 1 
0.423178 0 1.97487 1 
0.804771 1 7.62361 1 
0.330918 0 1.79183 1 
0.333365 1 11.0147 1 
0.0740643 1 5.00911 1 
0.416666 0 6.10938 1 
0.216157 1 141.794 1 
0.493048 1 13.212 1 
0.43681 0 4.46301 1 
0.730524 1 3.38417 1 
0.254504 0 7.17833 1 
0.594137 1 0.564489 1 
1.04742 1 0.550569 1 
0.983304 1 1.25228 1 
0.152046 1 82.7748 1 
1.02336 0 10.8017 1 
1.06054 1 0.0239759 1 
0.427789 1 2.91644 1 
0.159971 0 5.83554 1 
0.569075 1 1.08566 1 
0.900965 1 2.82247 1 
0.604687 1 0.0201088 1 
0.699376 0 17.7234 1 
0.369886 1 9.6309 1 
0.927602 0 32.8213 1 
-0.153733 0 0.197622 1 
-0.42885 1 80.2537 1 
0.0428371 0 0.183218 1 
0.363142 0 3.45151 1 
0.0280974 1 7.73765 1 
1.09818 0 82.23 1 
0.77538 1 1.62064 1 
0.578044 0 12.2158 1 
0.189516 1 22.703 1 
0.778497 1 1.20367 1 
0.379982 0 1.13472 1 
0.444235 0 0.256709 1 
0.577897 0 2.76045 1 
0.693263 1 2.37412 1 
0.410865 1 3.87494 1 
0.398528 1 9.58102 1 
0.426251 0 4.7372 1 
0.512182 0 14.497 1 
0.725679 1 9.23035 1 
0.753429 1 1.64136 1 
0.0803614 0 0.0480724 1 
0.748588 0 17.7756 1 
0.0544904 0 3.29677 1 
1.10468 0 215.299 1 
0.0988245 1 50.0052 1 
0.480201 0 5.96827 1 
0.355071 1 3.49683 1 
-0.104181 1 254.737 1 
0.793674 0 23.3885 1 
0.286568 0 0.445471 1 
0.511734 1 6.02208 1 
0.1855 0 2.68836 1 
0.7048 1 1.45866 1 
0.457367 0 3.83599 1 
0.631372 0 2.13294 1 
0.272974 0 1.44034 1 
0.739972 0 4.62287 1 
