0.142119 1 45.7358 1 
0.89918 1 8.38961 1 
0.238995 1 74.0413 1 
0.0206755 0 0.825966 1 
0.528065 0 5.02012 1 
0.668845 0 23.7396 1 
0.71532 0 10.0339 1 
0.221386 0 0.203661 1 
0.342219 1 16.7921 1 
0.393112 0 24.1062 1 
1.00132 1 0.307551 1 
0.231549 0 0.269928 1 
0.445682 0 5.38747 1 
0.861549 1 0.35049 1 
0.700576 1 1.353 1 
0.368577 1 32.8045 1 
0.420883 0 2.01529 1 
0.512469 1 30.491 1 
0.361223 1 0.802376 1 
0.425565 0 4.48547 1 
0.171577 0 8.00412 1 
0.532087 1 11.61 1 
0.0963929 0 1.49625 1 
0.136588 0 0.725428 1 
0.456907 0 1.98063 1 
0.407036 0 6.01863 1 
0.149908 1 9.61992 1 
0.635302 0 0.983427 1 
0.445766 1 4.86599 1 
0.0300156 0 1.42122 1 
0.153062 1 4.94251 1 
0.376003 0 0.0014875 1 
0.146175 0 5.33993 1 
0.694567 0 6.29842 1 
0.150269 1 31.3249 1 
0.408276 0 0.100382 1 
0.671152 0 10.7161 1 
0.557891 1 8.1382 1 
0.336368 1 3.65218 1 
0.636053 0 21.4246 1 
0.0925149 1 14.9152 1 
0.66985 0 11.686 1 
0.889636 1 2.20313 1 
0.38174 0 5.07409 1 
1.00984 0 210.931 1 
0.327696 0 0.682517 1 
0.351769 0 3.14209 1 
0.381422 0 2.15928 1 
0.873579 1 0.21802 1 
0.583735 1 1.119 1 
0.27744 0 4.51827 1 
0.285752 1 19.8187 1 
0.123989 0 0.128303 1 
0.340054 1 20.2803 1 
0.763413 0 54.599 1 
0.579682 0 5.95701 1 
0.696897 0 0.272208 1 
0.551122 0 1.76314 1 
0.594936 1 1.09639 1 
0.115421 0 2.0206 1 
0.743688 0 23.5472 1 
0.397581 0 14.7991 1 
0.677714 1 0.622157 1 
0.401854 0 2.58292 1 
0.773471 0 4.88447 1 
0.779273 1 2.80386 1 
0.336328 1 24.2167 1 
0.505682 0 1.745 1 
0.527313 1 1.59601 1 
0.636769 1 1.55563 1 
0.296246 1 26.2667 1 
0.72858 1 7.95853 1 
0.334391 1 2.44743 1 
0.748626 1 0.113916 1 
0.682662 1 2.40689 1 
0.436727 0 5.74356 1 
0.306363 1 16.2029 1 
0.356959 0 2.72207 1 
0.813192 0 36.5309 1 
0.575245 1 3.03614 1 
0.430156 0 7.59415 1 
0.286401 0 3.55729 1 
0.194075 1 20.8927 1 
0.332389 1 41.9783 1 
0.573966 0 7.27889 1 
0.690409 1 8.57679 1 
0.617924 0 7.38458 1 
0.577175 0 8.55149 1 
0.227304 0 1.92353 1 
0.0632548 0 0.456156 1 
0.621179 1 17.1689 1 
0.777434 0 15.8947 1 
0.109336 0 4.55254 1 
0.956654 0 11.7962 1 
0.694251 1 1.16431 1 
0.802866 0 88.4554 1 
0.242842 1 17.7737 1 
0.921135 0 16.2836 1 
0.479865 0 3.76924 1 
0.278072 1 24.5592 1 
0.264691 0 0.0750281 1 
1.01112 1 0.32941 1 
0.647689 0 4.54983 1 
0.223681 1 8.39246 1 
0.211277 0 0.420165 1 
0.912716 0 4.83741 1 
0.628127 1 2.95885 1 
0.668426 1 1.28174 1 
0.931718 0 136.883 1 
0.57961 0 7.09033 1 
0.34635 1 50.2036 1 
0.743466 1 4.15103 1 
0.272514 0 0.242618 1 
0.50809 0 2.22426 1 
0.240287 0 0.531501 1 
0.549222 0 1.49854 1 
0.808712 0 27.1491 1 
0.497076 0 0.697277 1 
0.427701 1 3.28025 1 
0.66861 0 2.35912 1 
0.10609 0 0.533813 1 
0.724628 1 1.38675 1 
0.439037 1 2.41541 1 
0.913832 1 1.34916 1 
0.638782 1 0.35253 1 
0.643468 1 6.02851 1 
0.410474 0 2.75687 1 
0.0538216 0 1.37564 1 
0.199417 0 3.37405 1 
0.855167 1 0.0648132 1 
0.0867581 0 0.140498 1 
1.44938 0 26.5563 1 
0.444323 1 19.844 1 
0.183549 1 35.6737 1 
1.25085 1 0.287404 1 
0.465611 1 4.86158 1 
0.553674 1 13.5555 1 
0.676473 1 3.54249 1 
0.0669962 1 33.7261 1 
0.129292 1 41.8923 1 
0.838974 1 1.3699 1 
0.347924 0 6.16394 1 
0.56645 1 23.1133 1 
0.485178 1 11.8162 1 
0.0736117 0 1.91078 1 
0.273804 1 46.6754 1 
0.473346 0 0.258462 1 
0.333012 0 0.0206041 1 
0.252124 1 5.77915 1 
1.13287 1 0.416646 1 
0.275834 1 33.968 1 
0.664187 0 29.0334 1 
0.613509 0 37.5958 1 
0.353211 0 1.84864 1 
0.265409 1 48.7071 1 
0.227746 0 0.235291 1 
0.684166 1 1.31864 1 
0.551563 0 10.9257 1 
0.502081 0 13.5451 1 
0.0488921 0 1.20308 1 
0.696261 0 3.13596 1 
0.315403 1 5.19693 1 
0.0777058 0 0.888507 1 
0.726695 0 27.9871 1 
0.51021 1 10.4806 1 
0.122128 0 2.57448 1 
1.01335 1 0.732397 1 
0.600384 1 3.12123 1 
0.451397 0 6.67716 1 
0.448439 0 1.42785 1 
0.292379 0 8.49826 1 
0.378758 1 4.13586 1 
0.254893 0 6.30494 1 
0.516147 1 4.5421 1 
0.635008 1 17.3414 1 
0.784125 1 4.0752 1 
0.660042 0 30.5311 1 
0.144602 0 0.150162 1 
0.332055 1 5.6199 1 
0.636471 1 3.92724 1 
0.732518 0 1.32094 1 
0.678595 0 10.6825 1 
0.506496 1 10.5706 1 
0.201173 1 70.9193 1 
0.515384 1 0.594418 1 
0.727902 0 8.50343 1 
0.243659 1 4.27228 1 
0.430388 0 3.66689 1 
0.261508 0 1.37359 1 
0.382894 1 34.7198 1 
0.155019 0 2.21283 1 
0.556109 0 32.2687 1 
0.353034 0 11.3031 1 
0.227538 1 12.3735 1 
0.889777 1 1.17966 1 
0.382677 0 12.7356 1 
0.0814053 1 20.3018 1 
0.720611 1 0.520133 1 
0.584558 0 6.08849 1 
0.987945 0 19.5706 1 
0.317015 1 29.0473 1 
0.424643 1 3.79217 1 
0.783186 0 8.05009 1 
0.751904 1 0.200221 1 
0.628364 1 4.68446 1 
0.718691 0 6.61882 1 
1.3931 0 313.876 1 
0.243271 0 1.64408 1 
0.927362 1 0.87005 1 
0.464797 1 7.79527 1 
0.760559 0 24.6958 1 
0.0934802 0 1.05552 1 
0.364033 0 1.95237 1 
0.237912 1 26.2441 1 
0.604933 1 3.66851 1 
-0.0680431 0 1.42437 1 
0.164149 0 0.00207337 1 
-0.314798 1 205.888 1 
0.404849 0 0.388328 1 
0.832418 1 0.432699 1 
0.648296 1 2.25788 1 
0.305241 0 9.28367 1 
0.673179 0 7.83205 1 
0.473779 0 21.0077 1 
1.05438 1 3.06207 1 
0.398741 1 24.8242 1 
0.0100743 0 4.7709 1 
0.443298 0 11.0729 1 
0.44123 1 5.73813 1 
0.0390196 1 2.86837 1 
0.309076 1 3.17874 1 
0.860525 1 2.0308 1 
0.518863 1 13.5197 1 
0.674986 0 18.9402 1 
1.01876 0 19.3623 1 
0.569631 1 2.77304 1 
0.514115 1 9.38134 1 
0.336648 1 5.94883 1 
-0.054759 1 11.5787 1 
0.154854 1 60.5811 1 
0.850302 1 0.514354 1 
0.303274 1 106.914 1 
0.37232 0 0.770346 1 
0.818578 0 47.5647 1 
0.506046 1 5.67106 1 
0.661928 0 12.1529 1 
0.357859 0 1.6274 1 
0.548915 0 4.91106 1 
1.24793 0 112.815 1 
0.256398 1 23.553 1 
0.963861 1 0.736991 1 
0.131107 0 2.14272 1 
0.501665 0 7.74403 1 
0.852326 0 68.7078 1 
0.649949 1 1.65736 1 
0.204423 1 7.30046 1 
0.192328 0 1.13117 1 
0.747909 0 4.38563 1 
0.683821 0 49.174 1 
0.523513 0 4.02613 1 
0.497445 1 11.6478 1 
0.347099 0 0.144056 1 
0.584592 1 0.893822 1 
0.705241 0 0.803577 1 
0.860179 0 16.8659 1 
1.05967 0 46.0657 1 
0.660852 1 11.0032 1 
0.946761 0 20.0997 1 
0.667117 0 13.3224 1 
0.811316 0 1.31994 1 
0.161443 1 49.5863 1 
0.484981 1 7.6403 1 
0.424497 0 2.39664 1 
0.291429 0 0.425493 1 
0.654948 0 21.0287 1 
0.2929 1 24.2712 1 
0.660581 1 6.48128 1 
0.451628 0 6.94974 1 
0.536187 1 5.66067 1 
0.741411 1 4.3559 1 
0.71216 0 5.19874 1 
0.527606 1 3.83366 1 
0.359632 0 6.32144 1 
0.492033 1 9.14305 1 
0.621109 1 1.27083 1 
0.676642 0 38.135 1 
0.705502 0 1.26031 1 
0.354065 0 6.42913 1 
0.240386 1 6.77887 1 
0.819387 1 5.23355 1 
0.839356 0 49.5465 1 
0.298963 1 40.4459 1 
0.840849 1 5.18525 1 
0.411434 0 9.15726 1 
0.311755 1 20.4011 1 
0.47288 0 0.461457 1 
0.433969 0 0.910925 1 
0.346782 1 4.37367 1 
0.878153 1 0.0637661 1 
1.00194 0 16.8444 1 
0.162556 1 45.6572 1 
0.405189 1 24.1689 1 
0.309892 0 0.653133 1 
0.665174 0 7.83891 1 
0.0590134 1 185.026 1 
0.548164 0 9.20841 1 
0.792251 1 2.17887 1 
0.470369 1 0.158243 1 
0.116439 1 24.8237 1 
0.367688 1 10.7186 1 
0.665556 0 31.8452 1 
0.724884 0 6.46737 1 
0.535299 1 1.6164 1 
0.384066 1 3.7267 1 
-0.116774 0 2.66827 1 
0.66646 1 0.523011 1 
-0.00759582 0 0.22856 1 
0.558588 1 6.16696 1 
0.192057 1 0.666101 1 
0.0878634 0 0.773377 1 
0.293841 0 4.27931 1 
0.44101 1 14.4899 1 
0.454055 0 3.16477 1 
0.887978 0 15.6366 1 
0.687047 1 0.995555 1 
-0.101718 1 76.2963 1 
0.634602 1 1.64623 1 
0.659367 0 3.01409 1 
0.352059 0 6.68516 1 
0.851741 1 3.18183 1 
-0.147847 1 15.6668 1 
0.544476 1 1.73942 1 
0.593142 1 18.916 1 
0.359253 1 0.415601 1 
0.510134 1 5.05982 1 
0.422138 0 6.15897 1 
0.555156 1 2.29918 1 
0.613116 0 19.0868 1 
0.382946 1 25.173 1 
0.669868 0 2.73837 1 
0.653137 1 13.6135 1 
0.375502 0 9.23943 1 
0.692335 1 1.49731 1 
0.926443 1 1.04336 1 
0.892376 1 0.794843 1 
0.507414 1 0.188553 1 
0.828918 1 1.16762 1 
0.114748 1 57.6319 1 
0.961924 1 0.443993 1 
0.645512 0 2.89785 1 
0.53761 0 16.329 1 
0.227333 0 3.06854 1 
0.76285 1 0.598003 1 
0.424512 0 25.0613 1 
0.690009 1 6.37279 1 
0.289524 0 16.195 1 
0.536015 0 0.152815 1 
0.370696 0 14.4481 1 
0.615836 0 15.5599 1 
0.461663 1 17.8041 1 
0.849918 1 1.62082 1 
0.106242 1 138.619 1 
-0.125484 1 117.265 1 
0.641309 0 13.2844 1 
0.692925 1 5.15839 1 
0.200478 0 7.07105 1 
0.908088 0 38.957 1 
0.580002 0 2.57904 1 
0.540075 0 8.58808 1 
0.679648 1 8.70752 1 
0.417953 0 9.05195 1 
0.757131 1 1.58588 1 
0.419213 1 15.9085 1 
0.108817 1 7.76907 1 
0.806171 1 1.38044 1 
1.00643 1 0.041678 1 
0.402454 1 11.5021 1 
0.310477 0 1.21599 1 
0.669309 1 2.92991 1 
0.851349 0 31.2661 1 
0.790907 1 1.0656 1 
0.624697 1 7.20778 1 
0.226598 0 0.313003 1 
0.196718 1 61.5095 1 
0.953528 1 0.633165 1 
0.393661 0 7.63625 1 
0.40888 1 1.98046 1 
1.16722 0 89.9685 1 
0.422415 0 11.3756 1 
0.484654 1 9.93127 1 
0.873529 0 67.6854 1 
0.776811 1 1.89669 1 
0.0404292 0 0.365717 1 
0.553741 1 2.4563 1 
0.363407 1 3.00926 1 
0.563307 0 18.7231 1 
0.164282 0 2.13744 1 
1.02632 0 43.778 1 
0.0986395 1 83.3805 1 
0.537556 0 3.46882 1 
0.722263 1 1.25459 1 
0.567598 1 0.599532 1 
0.939226 0 36.6929 1 
0.520666 0 1.1492 1 
0.347235 0 0.308469 1 
0.229963 0 0.700083 1 
0.711813 1 8.39286 1 
0.359468 1 24.1859 1 
0.258419 0 0.952018 1 
1.03221 0 45.6245 1 
0.858477 0 26.9132 1 
0.977624 1 2.95117 1 
0.518211 0 12.5307 1 
0.550703 1 20.0248 1 
0.231696 1 5.36451 1 
0.204941 1 30.4536 1 
1.16132 0 75.3342 1 
0.830297 0 27.1573 1 
0.320295 0 0.253456 1 
0.812765 0 72.4889 1 
0.400216 0 1.98185 1 
0.904603 1 1.77687 1 
0.632576 1 1.81119 1 
0.445794 0 3.40576 1 
0.500302 1 5.84994 1 
0.241045 0 2.7091 1 
0.269996 0 5.8452 1 
0.553481 1 0.378013 1 
0.33142 1 19.7545 1 
0.594043 1 5.64404 1 
0.23773 1 6.95764 1 
0.0881827 1 73.7332 1 
0.907733 0 107.929 1 
1.28066 1 0.0171067 1 
0.232113 0 4.17364 1 
0.898708 1 2.68099 1 
-0.0216681 1 15.3495 1 
0.636195 0 12.8817 1 
0.239331 1 35.0578 1 
0.591217 0 3.74371 1 
0.674902 1 4.32633 1 
0.721067 1 6.43519 1 
0.857303 1 2.24609 1 
0.096729 1 14.0547 1 
0.233328 0 0.843076 1 
0.248156 1 16.6281 1 
0.648832 1 1.34162 1 
0.56802 0 13.0068 1 
0.353205 0 1.08633 1 
0.732885 1 1.00863 1 
0.38978 1 4.25104 1 
0.32728 0 4.30617 1 
0.377682 1 0.208228 1 
0.902733 1 1.04346 1 
0.390643 1 15.7528 1 
0.452282 0 3.58652 1 
0.911142 0 2.65188 1 
0.304418 1 18.4172 1 
0.425018 0 5.53102 1 
0.327943 1 8.52133 1 
0.449233 1 3.32017 1 
0.941662 1 6.87325 1 
0.61653 1 3.19558 1 
0.800231 1 0.328604 1 
0.522944 1 5.34923 1 
0.110437 1 2.3212 1 
-0.138082 1 112.783 1 
0.869216 1 1.26671 1 
0.39678 1 13.8837 1 
0.191691 0 1.05701 1 
0.0600981 1 10.1605 1 
1.00888 1 0.0600973 1 
0.948352 0 77.8293 1 
0.370049 0 3.23886 1 
0.251221 1 0.481437 1 
0.701622 0 12.6777 1 
0.584843 0 12.6588 1 
1.54631 0 183.952 1 
0.659601 1 0.737877 1 
1.06474 1 1.93888 1 
0.363422 0 10.5552 1 
0.537917 0 22.1374 1 
0.455163 1 6.71488 1 
0.555589 1 1.08555 1 
0.484204 1 0.186897 1 
0.621104 1 7.93608 1 
0.332138 1 26.4977 1 
0.507262 0 10.4525 1 
0.280775 0 0.222399 1 
0.891187 0 160.005 1 
0.542595 1 3.156 1 
0.436785 0 13.8231 1 
-0.098108 1 19.138 1 
0.579504 1 10.3833 1 
0.874531 0 4.39859 1 
0.67947 1 2.55527 1 
-0.0790308 1 36.025 1 
0.013928 1 1.02154 1 
0.495734 0 2.64848 1 
0.450586 0 9.03307 1 
1.23704 0 220.299 1 
0.259978 0 1.47119 1 
0.463357 0 1.65469 1 
0.610989 1 2.92493 1 
0.333783 0 2.13847 1 
0.114236 0 0.0772572 1 
0.725096 1 4.78227 1 
0.59093 1 11.6223 1 
0.119895 0 0.158514 1 
0.301834 0 3.60097 1 
0.819461 0 64.1198 1 
0.199594 1 3.70422 1 
0.215088 1 13.0335 1 
0.20631 1 8.68827 1 
0.196277 1 4.18709 1 
0.759346 0 10.7856 1 
0.9381 1 0.738538 1 
0.320337 1 11.2416 1 
0.419223 0 9.9579 1 
0.5386 1 1.6547 1 
0.223842 1 64.7856 1 
0.661802 1 21.9557 1 
0.581988 1 8.66717 1 
0.383551 0 6.69395 1 
0.284859 1 17.8378 1 
0.240057 0 1.51096 1 
0.563817 0 3.90446 1 
0.998246 0 65.6964 1 
0.608611 1 9.56523 1 
0.809935 0 5.36813 1 
-0.195972 1 148.923 1 
0.269914 1 18.2891 1 
0.0839595 1 21.1281 1 
0.659661 1 1.47847 1 
0.194217 0 0.369559 1 
0.644655 1 7.15736 1 
0.587541 1 25.9689 1 
0.633182 0 15.8087 1 
0.423178 0 1.97487 1 
0.804771 0 89.4596 1 
0.330918 0 1.79183 1 
0.333365 0 2.86575 1 
0.0740643 0 0.160368 1 
0.416666 0 6.10938 1 
0.216157 1 141.794 1 
0.493048 0 12.4903 1 
0.43681 1 7.43647 1 
0.730524 1 3.38417 1 
0.254504 0 7.17833 1 
0.594137 0 1.20778 1 
1.04742 1 0.550569 1 
0.983304 0 62.18 1 
0.152046 0 4.97621 1 
1.02336 1 0.15739 1 
1.06054 1 0.0239759 1 
0.427789 1 2.91644 1 
0.159971 1 91.0476 1 
0.569075 0 1.89707 1 
0.900965 1 2.82247 1 
0.604687 1 0.0201088 1 
0.699376 0 17.7234 1 
0.369886 1 9.6309 1 
0.927602 1 1.03673 1 
-0.153733 0 0.197622 1 
-0.42885 1 80.2537 1 
0.0428371 1 7.36528 1 
0.363142 1 10.4293 1 
0.0280974 1 7.73765 1 
1.09818 1 0.654586 1 
0.77538 1 1.62064 1 
0.578044 0 12.2158 1 
0.189516 1 22.703 1 
0.778497 0 11.4229 1 
0.379982 0 1.13472 1 
0.444235 1 0.402833 1 
0.577897 1 1.47107 1 
0.693263 0 11.3156 1 
0.410865 0 1.88574 1 
0.398528 1 9.58102 1 
0.426251 0 4.7372 1 
0.512182 0 14.497 1 
0.725679 1 9.23035 1 
0.753429 1 1.64136 1 
0.0803614 1 1.42706 1 
0.748588 1 2.38512 1 
0.0544904 0 3.29677 1 
1.10468 0 215.299 1 
0.0988245 1 50.0052 1 
0.480201 1 7.00364 1 
0.355071 1 3.49683 1 
-0.104181 0 1.93185 1 
0.793674 0 23.3885 1 
0.286568 0 0.445471 1 
0.511734 0 6.62096 1 
0.1855 1 34.1266 1 
0.7048 1 1.45866 1 
0.457367 0 3.83599 1 
0.631372 1 0.737877 1 
0.272974 1 9.0182 1 
0.739972 0 4.62287 1 
