0.279033
0.279912
0.295166
0.244171
0.277983
0.27104
0.23
0.215376
0.273384
0.260726
0.230817
0.223429
0.212777
0.291465
0.221188
0.207389
0.2499
0.267667
0.269217
0.254386
0.211583
0.22
0.331566
0.277809
0.252823
0.285324
0.2
0.318018
0.190748
0.3
0.210629
0.242842
0.264778
0.239496
0.249323
0.231543
0.255159
0.269324
0.251419
0.260304
0.23311
0.274586
0.205075
0.204113
0.265548
0.267162
0.270093
0.246228
0.266751
0.233765
0.25037
0.24037
0.276028
0.267752
0.262446
0.287163
0.240495
0.290275
0.216627
0.295654
0.272129
0.308917
0.255
0.242856
0.262127
0.215119
0.244821
0.234713
0.262541
0.301393
0.202738
0.272446
0.200417
0.285212
0.258313
0.251418
0.262626
0.209762
0.272323
0.302545
0.267346
0.293412
0.242398
0.317392
0.224228
0.254073
0.265
0.294649
0.313114
0.202599
0.235176
0.228356
0.232569
0.262716
0.227589
0.267705
0.257381
0.272601
0.279911
0.289911
0.22837
0.25456
0.287692
0.236779
0.215094
0.256678
0.250532
0.261761
0.248067
0.255633
0.255152
0.243604
0.258651
0.285493
0.232383
0.247148
0.265391
0.262767
0.249162
0.241068
0.235041
0.224961
0.238416
0.288378
0.273222
0.261114
0.214373
0.304441
0.259883
0.251369
0.248213
0.247302
0.267254
0.242857
0.270574
0.271995
0.260982
0.289674
0.249419
0.255172
0.209804
0.285202
0.234797
0.251923
0.24436
0.221315
0.243522
0.241376
0.233476
0.285445
0.243748
0.260499
0.26869
0.252691
0.2662
0.236967
0.212723
0.251345
0.234973
0.246227
0.257117
0.267
0.271076
0.236305
0.227291
0.255931
0.241257
0.245
0.261236
0.240693
0.251683
0.267492
0.249896
0.241287
0.232817
0.293756
0.270098
0.264671
0.233716
0.2466
0.263635
0.253253
0.254373
0.240398
0.23028
0.284688
0.248056
0.28313
0.251232
0.276097
0.25992
0.272175
0.250428
0.296252
0.240383
0.25346
0.278256
0.227891
0.228766
0.218516
0.256563
0.235037
0.239147
0.245988
0.268208
0.218588
0.259649
0.246923
0.261892
0.244143
0.267163
0.250983
0.266319
0.257553
0.256542
0.222015
0.265756
0.25
0.278915
0.2674
0.25539
0.244817
0.244706
0.236155
0.240972
0.234338
0.268791
0.251996
0.240261
0.254589
0.234498
0.261107
0.240542
0.258575
0.223673
0.226868
0.244282
0.235158
0.236724
0.276124
0.274926
0.24786
0.243796
0.265638
0.241925
0.240395
0.253033
0.23525
0.2488
0.22755
