0.149393
0.240265
0.225858
0.24966
0.284493
0.22
0.299372
0.208012
0.250801
0.193148
0.248451
0.283467
0.278947
0.145081
0.267977
0.299257
0.19798
0.247163
0.301215
0.239474
0.224545
0.189676
0.239799
0.205748
0.16875
0.273939
0.25
0.256705
0.22
0.198592
0.228264
0.231941
0.215956
0.215909
0.187133
0.221944
0.194851
0.239583
0.299918
0.228422
0.214297
0.22641
0.241315
0.213386
0.17115
0.221667
0.188819
0.193575
0.193104
0.244877
0.212055
0.228407
0.159668
0.213941
0.213299
0.233455
0.206408
0.235133
0.202441
0.197907
0.186389
0.15286
0.16425
0.195413
0.234
0.205
0.26
0.259303
0.203443
0.1776
0.215136
0.227438
0.167529
0.189746
0.159219
0.209775
0.233682
0.234207
0.208117
0.19255
0.181426
0.232841
0.19785
0.177962
0.221719
0.173677
0.186773
0.237152
0.204127
0.2
0.239165
0.163312
0.242264
0.203154
0.169305
0.209
0.171703
0.254325
0.186925
0.198457
0.232052
0.241943
0.233392
0.217168
0.238148
0.26
0.227708
0.221664
0.248963
0.242063
0.241538
0.256347
0.210386
0.199508
0.236485
0.222925
0.228278
0.234516
0.279504
0.243431
0.218194
0.23173
0.201636
0.268798
0.215044
0.198958
0.226784
0.264838
0.209444
0.271873
0.191605
0.208057
0.238376
0.241414
0.251598
0.224458
0.253187
0.259671
0.248402
0.231709
0.207572
0.219997
0.269739
0.204973
0.225133
0.224939
0.243857
0.22919
0.230166
0.208488
0.260812
0.225997
0.203703
0.207473
0.24403
0.253791
0.260971
0.267688
0.229567
0.207857
0.236255
0.227594
0.242277
0.253312
0.213602
0.227847
0.231267
0.225023
0.251069
0.22498
0.248979
0.25475
0.231595
0.255581
0.232493
0.233774
0.229989
0.226072
0.249341
0.218021
0.236662
0.221166
0.243583
0.258791
0.222389
0.216481
0.231248
0.2775
0.20243
0.258141
0.238514
0.23781
0.268821
0.234653
0.2424
0.231877
0.234365
0.226992
0.22439
0.243766
0.219576
0.265072
0.254955
0.227449
0.242198
0.201588
0.22616
0.224566
0.200289
0.245938
0.255965
0.221403
0.236382
0.246133
0.227897
0.231377
0.227819
0.200178
0.207997
0.213963
0.237178
0.213316
0.216351
0.224057
0.217191
0.186394
0.238691
0.239725
0.213448
0.220725
0.210755
0.200979
0.223826
0.201107
0.217468
0.240942
0.253681
0.204561
0.211977
0.239988
0.226239
0.231934
0.23477
0.217708
0.205954
0.243027
0.247971
0.238698
0.225089
0.220882
